name: unisa-fc
channels:
  - conda-forge
  - defaults
dependencies:
  - annotated-types=0.6.0=py311haa95532_0
  - blas=1.0=mkl
  - blinker=1.9.0=pyhff2d567_0
  - brotlicffi=1.0.9.2=py311h5da7b33_1
  - bzip2=1.0.8=h2bbff1b_6
  - ca-certificates=2025.7.14=h4c7d964_0
  - certifi=2025.7.14=pyhd8ed1ab_0
  - cffi=1.17.1=py311h827c3e9_1
  - charset-normalizer=3.3.2=pyhd3eb1b0_0
  - click=8.2.1=pyh7428d3b_0
  - colorama=0.4.6=pyhd8ed1ab_1
  - expat=2.7.1=h8ddb27b_0
  - finnhub-python=2.4.18=pyhd8ed1ab_0
  - flask=3.1.1=pyhd8ed1ab_0
  - flask_cors=4.0.0=pyhd8ed1ab_0
  - idna=3.7=py311haa95532_0
  - importlib-metadata=8.7.0=pyhe01879c_1
  - intel-openmp=2025.0.0=haa95532_1164
  - itsdangerous=2.2.0=pyhd8ed1ab_1
  - jinja2=3.1.6=pyhd8ed1ab_0
  - libffi=3.4.4=hd77b12b_1
  - libta-lib=0.4.0=hcfcfb64_2
  - markupsafe=3.0.2=py311h5082efb_1
  - mkl=2023.2.0=h6a75c08_49573
  - mkl-service=2.4.0=py311h827c3e9_2
  - mkl_fft=1.3.11=py311h827c3e9_0
  - mkl_random=1.2.8=py311hea22821_0
  - numpy=2.3.1=py311h5f75535_0
  - numpy-base=2.3.1=py311h23d94f8_0
  - openssl=3.5.1=h725018a_0
  - pip=25.1=pyhc872135_2
  - pycparser=2.21=pyhd3eb1b0_0
  - pydantic=2.11.7=pyh3cfb1c2_0
  - pydantic-core=2.33.2=py311h215eeae_0
  - pysocks=1.7.1=py311haa95532_0
  - python=3.11.13=h981015d_0
  - python-dotenv=1.1.1=pyhe01879c_0
  - python_abi=3.11=2_cp311
  - requests=2.32.4=py311haa95532_0
  - setuptools=72.1.0=py311haa95532_0
  - six=1.17.0=pyhd8ed1ab_0
  - sqlite=3.45.3=h2bbff1b_0
  - ta-lib=0.5.1=py311he736701_0
  - tbb=2021.8.0=h59b6b97_0
  - tk=8.6.14=h5e9d12e_1
  - typing-extensions=4.12.2=py311haa95532_0
  - typing-inspection=0.4.0=py311haa95532_0
  - typing_extensions=4.12.2=py311haa95532_0
  - ucrt=10.0.22621.0=haa95532_0
  - urllib3=2.5.0=py311haa95532_0
  - vc=14.3=h2df5915_10
  - vc14_runtime=14.44.35208=h4927774_10
  - vs2015_runtime=14.44.35208=ha6b5a95_10
  - werkzeug=3.1.3=pyhd8ed1ab_1
  - wheel=0.45.1=py311haa95532_0
  - win_inet_pton=1.1.0=py311haa95532_0
  - xz=5.6.4=h4754444_1
  - zipp=3.23.0=pyhd8ed1ab_0
  - zlib=1.2.13=h8cc25b3_1
  - pip:
      - anyio==4.9.0
      - beautifulsoup4==4.13.4
      - curl-cffi==0.12.0
      - distro==1.9.0
      - eventkit==1.0.3
      - frozendict==2.4.6
      - h11==0.16.0
      - httpcore==1.0.9
      - httpx==0.28.1
      - ib-insync==0.9.86
      - investpy==1.0.8
      - jiter==0.10.0
      - lxml==6.0.0
      - multitasking==0.0.11
      - nest-asyncio==1.6.0
      - openai==1.95.1
      - pandas==2.3.1
      - peewee==3.18.2
      - platformdirs==4.3.8
      - protobuf==6.31.1
      - python-dateutil==2.9.0.post0
      - pytz==2025.2
      - sniffio==1.3.1
      - soupsieve==2.7
      - tqdm==4.67.1
      - tzdata==2025.2
      - unidecode==1.4.0
      - websockets==15.0.1
      - yfinance==0.2.65
prefix: C:\Users\UTENTE\anaconda3\envs\unisa-fc
